    U_Eq = - 3925.3347654480813*SOC10 + 21688.549780855155*SOC9 - 51776.67227776379*SOC8 + 69836.42512395141*SOC7 - 58396.06399927024*SOC6 + 31245.82237313693*SOC5 - 10659.825197635182*SOC4 + 2243.3427257144476*SOC3 - 272.6695055826211*SOC2 + 17.627169565202834*SOC1 + 3.0016879835905015
    R_S = 0.0502618795826339*exp(-12.459484344707715*SOC1) + 0.16302403712821892
    R_TS = 1143.9838212005725*exp(-0.40003530396732573*SOC1) - 1143.865320721341 + 456.8238770181418*SOC1 - 88.97632589126479*SOC2 + 9.234112763400974*SOC3
    C_TS = 260447.04311039747*exp(0.8847230059371177*SOC1) - 260044.64985242963 - 223427.68027945777*SOC1 - 111776.09324670414*SOC2 - 33820.74166239403*SOC3
    R_TL = 75.71057726261807*exp(-187.88902075151302*SOC1) + 0.05632395659830127 - 0.3169108673753611*SOC1 + 1.09289733379976*SOC2 - 0.8549709165184779*SOC3
    C_TL = 66.97449608180266*exp(0.11155157140846989*SOC1) + 876.7505618360611 + 53335.5113284416*SOC1 - 149334.64975963612*SOC2 + 106836.83209478867*SOC3
