U_Eq = - 561135.9765548039*SOC10 + 3029443.738761029*SOC9 - 7003887.0359351225*SOC8 + 9036197.994481428*SOC7 - 7100681.438718319*SOC6 + 3476936.2376070544*SOC5 - 1040291.2019074443*SOC4 + 178210.23009536584*SOC3 - 15319.438874936657*SOC2 + 531.0568767278442*SOC1 - 0.8399264290442475
    R_S = 0.01436413093496676*exp(-7.186778599913977*SOC1) + 0.06457166073760594
    R_TS = 0.09501512355448427*exp(-26.553306743755126*SOC1) + 0.11763617249319493 - 0.09909283593699642*SOC1 + 0.1578587618734874*SOC2 - 0.07887072213474079*SOC3
    C_TS = 350.47271066686994*exp(-878.9287309304922*SOC1) + 2.5062988616674664 + 8.765029217387301*SOC1 - 15.925201048393166*SOC2 + 8.869983906253555*SOC3
    R_TL = 2.837949356031505*exp(0.07717633525659073*SOC1) - 10.351387545803771 + 302.20254374537706*SOC1 - 726.5522273415104*SOC2 + 453.8555113628524*SOC3
    C_TL = 1162326.026215707*exp(0.7755212981069194*SOC1) - 1161118.8883207454 - 853353.166903856*SOC1 - 445548.3077408772*SOC2 - 53987.93268155008*SOC3
